logFC	AveExpr	t	P.Value	adj.P.Val	b	Probe.ID	gene_symbol
-0.093	6.677	-1.03	0.338	0.702	-6.371	10344614	Gm16088
-0.098	2.998	-1.116	0.302	0.674	-6.281	10344616	Gm26206
-0.215	5.055	-2.589	0.037	0.287	-4.287	10344620	Gm10568
-0.122	12.057	-1.588	0.157	0.526	-5.714	10344624	Lypla1
0.014	10.087	0.222	0.831	0.953	-6.903	10344633	Tcea1
-0.034	9.947	-0.464	0.657	0.884	-6.81	10344637	Atp6v1h
0.018	4.754	0.176	0.866	0.964	-6.913	10344653	Oprk1
-0.029	9.021	-0.35	0.737	0.917	-6.862	10344658	Rb1cc1
-0.217	4.391	-2.176	0.067	0.373	-4.893	10344674	Fam150a
0.175	5.643	1.102	0.307	0.677	-6.296	10344679	St18
-0.063	9.974	-0.744	0.482	0.798	-6.629	10344707	Pcmtd1
-0.038	13.433	-0.493	0.638	0.877	-6.795	10344713	Ahcy
0.006	5.262	0.063	0.951	0.987	-6.928	10344715	LOC102632303
-0.136	3.57	-1.525	0.172	0.544	-5.796	10344717	Gm24276
0.012	6.063	0.099	0.924	0.979	-6.925	10344719	Gm6152
0.065	2.941	0.785	0.459	0.785	-6.596	10344721	Gm24765
0.061	7.776	0.551	0.599	0.861	-6.762	10344723	Rrs1
0.327	11.994	4.653	0.002	0.075	-1.449	10344725	Adhfe1
-0.257	10.726	-3.206	0.015	0.194	-3.387	10344741	Hnrnpa3
0.064	5.762	0.548	0.601	0.862	-6.764	10344743	3110035E14Rik
-0.213	9.139	-2.06	0.079	0.403	-5.061	10344750	Sgk3
-0.175	4.977	-1.878	0.103	0.444	-5.32	10344772	Mcmdc2
-0.099	8.339	-1.056	0.327	0.693	-6.344	10344789	Cspp1
-0.128	8.459	-1.24	0.256	0.631	-6.144	10344797	Cspp1
-0.102	8.848	-1.331	0.226	0.602	-6.037	10344799	Cspp1
-0.1	8.644	-0.914	0.392	0.742	-6.483	10344801	Cspp1
-0.082	8.329	-0.56	0.593	0.859	-6.756	10344803	Cspp1
-0.274	8.485	-1.919	0.097	0.434	-5.261	10344805	Cspp1
-0.066	8.053	-0.467	0.655	0.884	-6.809	10344807	Cspp1
-0.181	7.92	-1.578	0.16	0.529	-5.727	10344809	Cspp1
-0.061	8.901	-0.93	0.384	0.735	-6.469	10344811	Cspp1
-0.288	8.314	-2.41	0.048	0.32	-4.552	10344813	Cspp1
-0.104	8.173	-1.431	0.196	0.57	-5.914	10344815	Cspp1
-0.299	7.778	-2.781	0.028	0.254	-4.006	10344817	Cspp1
-0.11	7.566	-1.104	0.307	0.677	-6.294	10344819	Cspp1
-0.116	7.774	-1.27	0.246	0.622	-6.109	10344821	Cspp1
0.007	8.339	0.066	0.95	0.986	-6.928	10344837	Prex2
0.078	5.069	0.744	0.482	0.798	-6.629	10344879	A830018L16Rik
-0.154	6.616	-1.993	0.087	0.419	-5.157	10344897	Sulf1
-0.103	5.248	-0.847	0.426	0.764	-6.544	10344922	Gm5250
0.189	9.09	1.868	0.105	0.447	-5.334	10344924	Xkr9
-0.032	5.641	-0.376	0.718	0.909	-6.851	10344929	Gm9947
-0.185	11.541	-2.322	0.054	0.338	-4.68	10344931	Rpl5
-0.095	5.271	-0.755	0.475	0.794	-6.62	10344935	Kcnb2
0.065	8.501	0.593	0.572	0.847	-6.736	10344939	Terf1
0.044	6.347	0.363	0.727	0.913	-6.856	10344950	Gm7634
-0.062	10.141	-0.703	0.505	0.812	-6.66	10344952	Rdh10
0.088	9.139	1.129	0.297	0.668	-6.267	10344960	Tmem70
0.877	10.664	5.073	0.002	0.06	-0.944	10344966	Ly96
-0.144	4.875	-0.941	0.379	0.731	-6.458	10344973	Gdap1
0.229	5.421	2.781	0.028	0.254	-4.006	10344981	Pi15
0.123	6.323	1.238	0.256	0.632	-6.146	10344990	Crispld1
0.051	5.456	0.563	0.591	0.857	-6.754	10345007	Tfap2d
0.043	5.527	0.417	0.69	0.897	-6.833	10345016	Tfap2b
0.04	11.09	0.302	0.772	0.931	-6.879	10345025	Iars
-0.143	3.061	-1.696	0.135	0.493	-5.57	10345028	Mir206
-0.039	6.625	-0.425	0.684	0.895	-6.829	10345030	Mir133b
-0.062	6.042	-0.476	0.649	0.881	-6.804	10345032	Il17a
0.089	6.751	1.092	0.312	0.68	-6.307	10345037	Paqr8
0.117	6.374	1.088	0.313	0.682	-6.311	10345046	Efhc1
0.319	6.851	3.906	0.006	0.122	-2.412	10345058	Tmem14a
0.237	13.256	2.463	0.044	0.31	-4.474	10345065	Gsta3
-0.194	5.001	-1.898	0.1	0.439	-5.292	10345074	Cetn4
-0.286	3.767	-2.064	0.079	0.402	-5.055	10345077	Khdc1a
0.104	5.792	0.811	0.445	0.776	-6.574	10345079	Khdc1c
-0.036	5.377	-0.251	0.809	0.945	-6.895	10345083	Khdc1b
-0.081	6.084	-1.072	0.32	0.688	-6.328	10345087	Mir30a
-0.278	5.35	-2.71	0.031	0.266	-4.11	10345089	Mir30c-2
-0.01	6.341	-0.104	0.92	0.979	-6.924	10345091	B3gat2
0.165	6.385	1.612	0.152	0.519	-5.682	10345099	1110058L19Rik
0.014	6.548	0.14	0.893	0.971	-6.919	10345101	Col9a1
0.029	9.903	0.382	0.714	0.907	-6.848	10345141	Lmbrd1
0.037	5.23	0.282	0.786	0.937	-6.886	10345172	LOC102633099
-0.024	4.405	-0.325	0.755	0.924	-6.871	10345181	Gm6462
-0.007	8.388	-0.076	0.941	0.984	-6.927	10345183	Cdk10
0.034	6.343	0.374	0.72	0.91	-6.852	10345190	Lgsn
-0.078	3.572	-0.818	0.441	0.774	-6.569	10345197	Pih1d3
0.121	4.908	0.676	0.521	0.821	-6.68	10345200	Gm6489
-0.046	9.615	-0.583	0.578	0.85	-6.742	10345203	Paox
-0.068	6.649	-0.88	0.409	0.753	-6.514	10345206	Gm7910
0.041	4.844	0.398	0.703	0.903	-6.842	10345212	Khdrbs2
-0.61	4.672	-4.216	0.004	0.101	-2.002	10345224	Gm25792
0.078	3.325	0.916	0.391	0.741	-6.482	10345226	Gm23453
-0.167	7.106	-1.47	0.186	0.56	-5.866	10345228	1700001G17Rik
-0.147	7.586	-1.811	0.114	0.46	-5.413	10345230	Rab23
-0.183	8.669	-2.545	0.039	0.295	-4.352	10345241	Dst
0.083	10.768	1.222	0.262	0.637	-6.165	10345357	Imp4
-0.064	8.747	-0.953	0.373	0.728	-6.447	10345368	Imp4
-0.085	6.62	-0.924	0.387	0.738	-6.474	10345370	Ptpn18
0	6.204	0.002	0.998	0.999	-6.931	10345387	Prss39
-0.02	6.536	-0.145	0.889	0.97	-6.919	10345393	Cfc1
0.039	5.684	0.476	0.649	0.881	-6.804	10345401	Amer3
-0.148	6.814	-1.219	0.263	0.638	-6.168	10345404	Arhgef4
-0.199	6.492	-1.925	0.096	0.432	-5.252	10345406	Arhgef4
-0.084	7.218	-0.802	0.449	0.779	-6.582	10345409	Arhgef4
-0.048	7.176	-0.669	0.525	0.823	-6.684	10345411	Arhgef4
0.075	9.334	0.867	0.415	0.758	-6.526	10345423	Plekhb2
-0.052	4.482	-0.686	0.516	0.817	-6.673	10345440	Gm25634
-0.072	10.451	-0.724	0.493	0.804	-6.644	10345442	Hs6st1
-0.212	7.63	-2.134	0.071	0.384	-4.954	10345445	Arid5a
0.154	5.944	1.075	0.319	0.687	-6.325	10345457	Fer1l5
0.016	7.349	0.188	0.856	0.962	-6.911	10345482	Cnnm4
0.172	8.367	1.928	0.096	0.432	-5.249	10345492	Cnnm3
0.135	12.091	1.43	0.197	0.57	-5.916	10345504	Cox5b
0.152	7.124	1.774	0.12	0.468	-5.464	10345509	Zap70
-0.807	6.463	-5.953	0.001	0.036	0.029	10345527	n-R5s210
-0.079	6.161	-0.82	0.44	0.773	-6.566	10345529	Vwa3b
-0.167	5.503	-1.123	0.299	0.671	-6.274	10345546	Vwa3b
-0.219	4.95	-2.568	0.038	0.291	-4.319	10345548	Vwa3b
-0.1	5.11	-1.384	0.21	0.585	-5.973	10345550	Vwa3b
-0.094	8.229	-1.005	0.349	0.711	-6.396	10345552	Vwa3b
-0.003	5.347	-0.034	0.974	0.992	-6.93	10345554	Vwa3b
-0.106	7.031	-0.752	0.477	0.795	-6.622	10345556	Vwa3b
-0.038	5.415	-0.28	0.788	0.937	-6.886	10345558	Vwa3b
-0.014	6.428	-0.204	0.844	0.957	-6.907	10345571	Cnga3
-0.091	9.12	-1.187	0.275	0.65	-6.204	10345580	Inpp4a
-0.103	9.806	-1.231	0.259	0.634	-6.154	10345608	Unc50
0.235	7.392	2.645	0.034	0.277	-4.205	10345616	Lipt1
0.08	9.947	1.166	0.283	0.657	-6.227	10345620	Mrpl30
-0.215	8.804	-2.334	0.053	0.336	-4.663	10345626	Eif5b
-0.092	5.965	-0.933	0.382	0.734	-6.466	10345656	Nms
0.007	9.363	0.084	0.936	0.983	-6.927	10345666	Pdcl3
-0.063	9.521	-0.611	0.561	0.842	-6.724	10345675	Npas2
0.101	11.667	1.479	0.184	0.557	-5.855	10345698	Rpl31
-0.009	8.114	-0.067	0.949	0.986	-6.928	10345704	Gm24826
-0.05	9.676	-0.502	0.631	0.875	-6.79	10345706	Cnot11
0.281	8.234	3.344	0.013	0.178	-3.191	10345715	Map4k4
-0.034	6.229	-0.383	0.713	0.907	-6.848	10345752	Il1r2
-0.869	10.685	-13.543	0	0.002	5.242	10345762	Il1r1
0.117	5.787	0.893	0.402	0.749	-6.503	10345777	Il1rl2
0.328	5.72	1.45	0.191	0.564	-5.891	10345791	Il1rl1
-0.245	6.166	-2.176	0.067	0.373	-4.893	10345807	Il18r1
-0.259	6.091	-3.631	0.009	0.147	-2.788	10345824	Il18rap
-0.228	6.337	-1.846	0.108	0.452	-5.364	10345840	Slc9a4
-0.262	6.012	-2.8	0.027	0.25	-3.978	10345855	Slc9a2
-0.195	6.939	-1.045	0.331	0.696	-6.355	10345869	Tmem182
-0.155	5.443	-1.456	0.19	0.563	-5.884	10345877	Gm9915
0.167	6.928	1.82	0.112	0.459	-5.399	10345879	Pou3f3
-0.036	7.982	-0.313	0.764	0.928	-6.875	10345882	Mrps9
-0.028	5.663	-0.177	0.864	0.964	-6.913	10345895	Gpr45
0.155	6.199	1.506	0.177	0.549	-5.82	10345902	8430432A02Rik
0.114	8.005	1.041	0.333	0.698	-6.36	10345904	AI597479
0.371	12.215	5.259	0.001	0.053	-0.729	10345909	Rpl29
0.032	7.478	0.278	0.79	0.937	-6.887	10345913	Nck2
-0.077	6.265	-0.808	0.446	0.777	-6.577	10345921	1500015O10Rik
0.185	8.424	1.173	0.28	0.655	-6.219	10345926	LOC102632770
-0.211	9.671	-2.767	0.028	0.256	-4.026	10345930	Tpp2
0.079	8.529	0.888	0.405	0.75	-6.507	10345967	Bivm
-0.172	8.542	-2.309	0.055	0.341	-4.7	10345981	Ercc5
0.172	5.677	1.33	0.226	0.603	-6.038	10346000	Gulp1
-0.005	7.923	-0.07	0.946	0.985	-6.928	10346015	Col3a1
0.029	6.997	0.2	0.847	0.958	-6.908	10346072	Gm23974
-0.141	8.66	-1.666	0.141	0.501	-5.61	10346074	Wdr75
-0.319	10.793	-3.576	0.009	0.152	-2.865	10346105	Rpl23a
-0.018	4.455	-0.267	0.797	0.94	-6.89	10346107	Dnah7b
-0.067	5.821	-0.536	0.609	0.865	-6.771	10346109	Dnah7b
0.003	8.262	0.033	0.975	0.992	-6.93	10346114	n-R5s211
0.177	5.251	1.796	0.116	0.463	-5.433	10346116	Dnah7c
-0.007	6.894	-0.069	0.947	0.986	-6.928	10346137	Gm8357
0.002	3.529	0.026	0.98	0.994	-6.93	10346141	C230029F24Rik
-0.3	6.403	-2.526	0.04	0.299	-4.381	10346150	Tmeff2
0.125	7.91	1.57	0.161	0.53	-5.738	10346164	Sdpr
-0.111	6.744	-0.699	0.508	0.813	-6.663	10346168	Stat4
0.326	10.899	4.262	0.004	0.097	-1.942	10346191	Stat1
-0.174	6.326	-1.57	0.161	0.53	-5.737	10346224	Tmem194b
0.086	9.666	0.643	0.541	0.832	-6.703	10346235	Hibch
0.03	5.36	0.24	0.818	0.949	-6.898	10346250	Mstn
0.309	9.164	2.565	0.038	0.291	-4.323	10346255	Ormdl1
-0.029	9.46	-0.446	0.67	0.89	-6.819	10346260	Osgepl1
0.044	5.015	0.434	0.678	0.893	-6.825	10346269	Ccdc150
-0.14	9.1	-1.405	0.204	0.578	-5.947	10346298	Coq10b
-0.069	11.85	-0.715	0.498	0.807	-6.651	10346303	Hspe1
0.013	9.723	0.156	0.881	0.967	-6.917	10346310	Mob4
0.111	4.557	0.82	0.44	0.773	-6.566	10346321	Gm10561
-0.086	7.846	-0.993	0.354	0.714	-6.408	10346323	Mars2
-0.162	8.779	-1.169	0.281	0.656	-6.224	10346328	Gm8292
-0.017	6.545	-0.181	0.862	0.963	-6.912	10346330	Plcl1
0.025	8.621	0.188	0.857	0.962	-6.911	10346337	1700066M21Rik
-0.055	7.832	-0.575	0.584	0.853	-6.747	10346340	9430016H08Rik
0.051	7.513	0.548	0.601	0.862	-6.764	10346348	Spats2l
0.4	6.614	3.738	0.008	0.138	-2.64	10346365	Sgol2
0.317	10.744	4.179	0.004	0.103	-2.05	10346374	Aox1
0.125	12.468	1.74	0.126	0.479	-5.51	10346410	Aox3
0.063	5.923	0.523	0.617	0.869	-6.778	10346448	Aox4
0.006	5.961	0.038	0.97	0.991	-6.93	10346485	Aox2
-0.081	11.262	-1.162	0.284	0.658	-6.231	10346523	Bzw1
-0.163	9.908	-1.726	0.129	0.484	-5.529	10346533	Nif3l1
0.376	8.136	3.628	0.009	0.147	-2.792	10346544	Ndufb3
-0.153	9.537	-1.569	0.161	0.53	-5.738	10346549	Cbx3
-0.081	9.353	-0.999	0.352	0.712	-6.402	10346551	Cflar
-0.133	8.235	-1.047	0.33	0.696	-6.353	10346562	Cflar
0.319	11.447	3.896	0.006	0.123	-2.426	10346564	Casp8
0.194	10.13	2.655	0.033	0.276	-4.19	10346576	Stradb
-0.028	7.164	-0.289	0.781	0.935	-6.884	10346592	G730003C15Rik
-0.081	5.839	-0.631	0.548	0.835	-6.711	10346594	Cdk15
0.268	9.127	2.214	0.063	0.363	-4.838	10346607	Fzd7
-0.072	5.815	-0.699	0.508	0.813	-6.663	10346611	Gm973
-0.458	7.994	-3.122	0.017	0.205	-3.509	10346634	Nop58
0.027	10.889	0.259	0.804	0.943	-6.893	10346651	Bmpr2
0.042	9.195	0.437	0.676	0.892	-6.824	10346668	Fam117b
-0.128	7.08	-1.553	0.165	0.535	-5.76	10346678	Carf
-0.112	9.245	-1.642	0.146	0.509	-5.642	10346695	Nbeal1
-0.18	9.478	-1.724	0.129	0.484	-5.532	10346722	Nbeal1
0.14	9.213	1.261	0.249	0.625	-6.12	10346747	Cyp20a1
-0.01	7.669	-0.135	0.896	0.972	-6.92	10346764	Abi2
-0.056	12.406	-0.805	0.448	0.778	-6.579	10346780	Eif4a1
-0.157	6.911	-1.507	0.177	0.549	-5.819	10346783	Cd28
-0.182	5.683	-2.297	0.056	0.344	-4.717	10346790	Ctla4
0.353	7.595	4.118	0.005	0.108	-2.13	10346799	Icos
-0.316	11.033	-4.121	0.005	0.107	-2.127	10346808	Rpl17-ps1
0.049	7.291	0.666	0.527	0.825	-6.687	10346810	Pard3b
0.162	7.036	1.564	0.163	0.531	-5.745	10346838	Pard3b
0.025	8.527	0.304	0.77	0.931	-6.878	10346840	Gm11599
-0.046	8.769	-0.647	0.538	0.831	-6.7	10346843	Nrp2
-0.302	10.954	-4.551	0.003	0.081	-1.575	10346867	Eef1b2
-0.061	5.142	-0.622	0.554	0.838	-6.717	10346874	Gm26457
-0.284	5.216	-1.816	0.113	0.46	-5.406	10346876	Snora41
-0.275	5.323	-2.04	0.082	0.408	-5.089	10346878	Zdbf2
-0.637	9.324	-6.99	0	0.02	1.044	10346882	Adam23
-0.114	8.338	-1.245	0.254	0.63	-6.138	10346914	Fastkd2
-0.028	4.83	-0.36	0.73	0.914	-6.858	10346928	Gm13754
0.242	4.41	2.414	0.047	0.319	-4.545	10346938	Gm13749
0.008	3.786	0.114	0.912	0.977	-6.923	10346941	Gm13750
-0.035	9.378	-0.495	0.636	0.877	-6.794	10346943	Creb1
-0.302	7.348	-2.38	0.05	0.326	-4.596	10346960	Ccnyl1
-0.081	8.681	-1.203	0.269	0.644	-6.186	10346970	Pikfyve
0.133	4.865	0.94	0.379	0.731	-6.459	10347018	Pth2r
0.053	5.523	0.558	0.594	0.859	-6.757	10347033	Crygf
0.152	6.044	1.599	0.155	0.522	-5.699	10347036	Map2
-0.098	4.39	-1.437	0.195	0.568	-5.907	10347058	Gm25411
-0.093	6.171	-0.888	0.405	0.75	-6.507	10347060	Unc80
-0.117	5.864	-1.237	0.257	0.632	-6.148	10347073	Unc80
0.016	9.6	0.163	0.875	0.966	-6.915	10347106	Rpe
0.064	3.266	0.53	0.613	0.867	-6.774	10347115	Gm26010
-0.006	13.925	-0.085	0.934	0.982	-6.926	10347117	Cps1
-0.268	4.857	-1.9	0.1	0.438	-5.289	10347158	Kif22-ps
0.02	4.848	0.255	0.806	0.944	-6.894	10347163	Spag16
-0.328	5.41	-3.025	0.02	0.218	-3.649	10347186	Gm23422
-0.022	5.19	-0.251	0.809	0.945	-6.895	10347188	Vwc2l
-0.087	9.633	-1.217	0.264	0.639	-6.17	10347193	Atic
-0.175	6.263	-1.275	0.244	0.62	-6.103	10347210	Apol7d
0.117	12.43	1.282	0.242	0.619	-6.096	10347216	Rpl21
-0.315	10.459	-1.655	0.143	0.506	-5.625	10347218	Gm25360
-0.272	11.331	-1.963	0.091	0.423	-5.199	10347220	Gm23444
-0.292	11.349	-2.042	0.081	0.407	-5.087	10347222	Gm23444
-0.272	11.331	-1.963	0.091	0.423	-5.199	10347224	Gm23444
0.075	6.023	0.906	0.396	0.745	-6.491	10347226	Tmem169
-0.103	9.457	-1.428	0.197	0.571	-5.918	10347232	Xrcc5
0.028	8.688	0.301	0.772	0.931	-6.879	10347254	Smarcal1
-0.097	11.503	-0.948	0.375	0.729	-6.452	10347273	Rpl37a
0.009	11.186	0.13	0.9	0.973	-6.921	10347277	Igfbp2
0.095	6.224	0.897	0.4	0.747	-6.499	10347282	Rufy4
0.33	7.31	2.547	0.039	0.294	-4.35	10347291	Cxcr2
-0.004	2.944	-0.048	0.963	0.989	-6.929	10347295	Gm25524
0.112	12.055	1.194	0.272	0.648	-6.197	10347297	Arpc2
0.032	7.252	0.235	0.821	0.95	-6.899	10347307	Gpbar1
0.12	10.775	1.632	0.148	0.513	-5.655	10347310	Pnkd
-0.167	6.065	-2.074	0.078	0.399	-5.041	10347324	Catip
0.099	10.118	1.046	0.331	0.696	-6.355	10347335	Slc11a1
0.029	11.67	0.29	0.78	0.935	-6.883	10347351	Ctdsp1
0.054	6.619	0.565	0.59	0.857	-6.753	10347362	Mir26b
-0.015	5.572	-0.153	0.883	0.968	-6.917	10347364	Vil1
0.018	9.865	0.238	0.818	0.949	-6.898	10347386	Rqcd1
0.021	5.724	0.225	0.829	0.953	-6.902	10347398	Plcd4
0.052	9.49	0.593	0.572	0.847	-6.736	10347417	Bcs1l
0.127	6.731	1.862	0.106	0.448	-5.342	10347427	Stk36
-0.285	8.954	-3.068	0.019	0.211	-3.586	10347460	Ttll4
-0.005	12.898	-0.071	0.946	0.985	-6.928	10347481	Cyp27a1
0.21	6.699	2.217	0.063	0.362	-4.833	10347491	Wnt6
-0.101	7.134	-1.079	0.317	0.686	-6.321	10347497	Wnt10a
0.01	7.826	0.107	0.918	0.978	-6.924	10347503	Cdk5r2
0.071	10.33	0.602	0.567	0.844	-6.73	10347508	Fam134a
-0.198	9.037	-2.725	0.03	0.263	-4.088	10347521	Zfand2b
-0.132	7.886	-1.5	0.178	0.551	-5.828	10347531	Ankzf1
0.167	11.34	2.294	0.056	0.345	-4.722	10347552	Stk16
0.043	9.68	0.543	0.605	0.863	-6.767	10347564	Dnajb2
-0.329	8.243	-2.717	0.031	0.265	-4.1	10347583	Des
0.077	6.583	0.929	0.385	0.735	-6.47	10347593	Speg
-0.081	9.893	-1.143	0.291	0.665	-6.252	10347639	Gmppa
-0.046	6.933	-0.413	0.692	0.899	-6.835	10347650	Asic4
-0.175	6.063	-2.002	0.086	0.417	-5.144	10347662	Tmem198
-0.094	6.197	-0.992	0.355	0.715	-6.409	10347669	Inha
0.26	7.563	2.684	0.032	0.27	-4.148	10347672	Stk11ip
0.075	7.067	0.422	0.686	0.896	-6.831	10347697	Slc4a3
-0.165	5.362	-1.315	0.231	0.607	-6.056	10347724	Slc4a3
0.131	4.902	0.992	0.355	0.715	-6.409	10347726	Gm5257
-0.093	7.142	-0.857	0.42	0.76	-6.534	10347732	LOC102635943
-0.135	6.453	-1.152	0.288	0.662	-6.243	10347734	Sgpp2
0.574	6.199	5.496	0.001	0.046	-0.462	10347741	Mogat1
-0.489	9.099	-5.404	0.001	0.048	-0.565	10347748	Utp14b
-0.04	6.054	-0.284	0.785	0.936	-6.885	10347767	Kcne4
0.184	4.197	1.366	0.215	0.591	-5.995	10347772	Gm10555
-0.002	7.609	-0.029	0.978	0.993	-6.93	10347774	Mrpl44
-0.034	3.442	-0.353	0.735	0.916	-6.86	10347779	9830004L10Rik
-0.086	5.24	-1.087	0.314	0.682	-6.313	10347781	Nyap2
-0.088	5.508	-0.604	0.565	0.844	-6.729	10347792	Gm9747
0.011	9.219	0.155	0.881	0.967	-6.917	10347796	Rhbdd1
-0.094	6.953	-0.906	0.396	0.745	-6.491	10347807	Col4a3
-0.077	8.337	-1.022	0.342	0.704	-6.379	10347860	n-R5s213
0.104	10.338	1.244	0.254	0.63	-6.139	10347862	Mff
0.094	10.639	1.392	0.207	0.582	-5.963	10347873	Agfg1
-0.103	6.076	-1.429	0.197	0.57	-5.917	10347888	Ccl20
-0.01	4.565	-0.103	0.921	0.979	-6.925	10347895	Daw1
0.217	9.382	3.301	0.014	0.184	-3.252	10347910	Fbxo36
0.227	9.471	1.962	0.091	0.423	-5.201	10347915	Gm7609
-0.1	12.905	-1.371	0.213	0.59	-5.989	10347917	Rpl19
0.205	6.297	1.726	0.129	0.484	-5.529	10347919	LOC102634459
-0.157	6.466	-2.244	0.061	0.356	-4.794	10347921	A530040E14Rik
0.202	9.426	1.822	0.112	0.459	-5.397	10347925	Gm7609
-0.078	7.619	-0.919	0.389	0.739	-6.478	10347928	Sp110
-0.163	6.158	-0.976	0.362	0.721	-6.424	10347931	G530012D18Rik
0.097	8.585	0.795	0.454	0.782	-6.588	10347933	Sp140
0.165	9.448	2.248	0.06	0.355	-4.789	10347948	Sp100
-0.142	6.411	-1.783	0.119	0.467	-5.451	10347968	n-R5s215
0.006	10.276	0.076	0.942	0.984	-6.927	10347970	Cab39
-0.01	10.47	-0.132	0.899	0.973	-6.921	10347980	Itm2c
0.034	6.154	0.371	0.722	0.911	-6.853	10347988	4933407L21Rik
0.153	5.38	2.157	0.069	0.378	-4.922	10347992	Spata3
0.16	9.532	1.505	0.177	0.549	-5.821	10348000	2810459M11Rik
-0.125	11.934	-1.705	0.133	0.49	-5.558	10348004	Psmd1
0.117	7.614	1.539	0.169	0.539	-5.778	10348032	Armc9
-0.05	7.127	-0.628	0.551	0.836	-6.713	10348062	B3gnt7
0.003	7.131	0.033	0.974	0.992	-6.93	10348070	C130036L24Rik
-0.227	6.751	-2.373	0.05	0.327	-4.606	10348072	C130036L24Rik
-0.043	6.881	-0.513	0.624	0.872	-6.784	10348074	1700019O17Rik
-0.089	6.275	-0.836	0.431	0.767	-6.553	10348076	Rpl30-ps9
-0.061	11.457	-0.87	0.414	0.757	-6.523	10348078	Ptma
0.068	8.866	0.961	0.369	0.726	-6.439	10348087	Cops7b
-0.008	9.131	-0.103	0.921	0.979	-6.925	10348096	Dis3l2
0	6.678	0.004	0.997	0.999	-6.931	10348131	Akp3
-0.096	6.801	-0.541	0.606	0.863	-6.768	10348144	Prss56
-0.039	6.445	-0.344	0.741	0.919	-6.864	10348150	Chrnd
0.027	6.706	0.166	0.873	0.966	-6.915	10348166	Chrng
-0.003	9.909	-0.036	0.972	0.992	-6.93	10348180	Eif4e2
0.06	5.82	0.47	0.653	0.883	-6.807	10348194	Efhd1
-0.099	9.538	-0.995	0.354	0.714	-6.406	10348201	Gigyf2
0.219	7.746	3.473	0.011	0.162	-3.009	10348234	Neu2
-0.01	5.977	-0.061	0.953	0.987	-6.928	10348240	3110079O15Rik
0.102	8.82	1.497	0.179	0.552	-5.832	10348244	Inpp5d
-0.102	9.247	-1.281	0.242	0.619	-6.097	10348277	Atg16l1
0.012	6.534	0.116	0.911	0.977	-6.923	10348299	5830472F04Rik
0.066	6.099	0.985	0.358	0.717	-6.415	10348301	Sag
0.07	7.707	0.837	0.431	0.767	-6.552	10348321	Dgkd
-0.035	12.154	-0.541	0.605	0.863	-6.768	10348354	Ugt1a2
0.074	6.421	0.693	0.511	0.814	-6.667	10348376	Mroh2a
0.083	5.277	0.835	0.432	0.768	-6.553	10348378	Trpm8
0.125	9.246	1.336	0.224	0.601	-6.032	10348410	Spp2
0.115	7.379	0.742	0.483	0.799	-6.63	10348424	Sh3bp4
-0.065	8.597	-0.883	0.407	0.752	-6.512	10348432	Agap1
-0.018	6.549	-0.101	0.922	0.979	-6.925	10348451	Ackr3
0.175	9.645	2.477	0.043	0.308	-4.453	10348456	Cops8
-0.009	6.161	-0.069	0.947	0.986	-6.928	10348468	Gm9991
0.093	7.706	1.256	0.25	0.626	-6.125	10348471	Mlph
0.083	7.144	0.933	0.383	0.734	-6.466	10348489	Prlh
-0.321	7.941	-3.777	0.007	0.134	-2.587	10348493	Lrrfip1
0.054	4.604	0.668	0.526	0.824	-6.685	10348521	Rbm44
-0.118	7.416	-1.572	0.161	0.53	-5.735	10348537	Ramp1
-0.01	8.417	-0.132	0.899	0.973	-6.921	10348547	Ube2f
-0.048	5.691	-0.263	0.8	0.941	-6.892	10348556	LOC102639127
-0.002	10.361	-0.024	0.981	0.994	-6.93	10348558	Scly
0.121	7.187	1.314	0.231	0.607	-6.057	10348570	Espnl
0.026	6.537	0.194	0.851	0.96	-6.909	10348580	Klhl30
0.092	6.796	0.914	0.392	0.741	-6.483	10348590	Fam132b
-0.106	6.593	-1.237	0.257	0.632	-6.148	10348600	Traf3ip1
0.044	7.716	0.462	0.658	0.885	-6.811	10348618	Asb1
0.077	7.069	0.867	0.415	0.758	-6.526	10348632	Twist2
-0.028	6.272	-0.282	0.787	0.937	-6.886	10348635	Olfr1413
0.02	5.85	0.17	0.87	0.965	-6.914	10348637	Olfr1412
-0.138	5.926	-1.074	0.319	0.687	-6.326	10348639	Olfr1411
-0.184	6.74	-2.049	0.08	0.405	-5.076	10348641	Olfr1410
0.043	5.15	0.194	0.852	0.96	-6.909	10348643	Olfr12
0.196	7.525	2.225	0.062	0.361	-4.822	10348645	Gpr35
0.14	8.406	2.085	0.076	0.396	-5.024	10348653	Gpc1
0.006	6.926	0.06	0.954	0.987	-6.928	10348664	Mir149
-0.018	8.348	-0.258	0.804	0.943	-6.893	10348666	Dusp28
0.008	10.101	0.111	0.915	0.978	-6.924	10348670	Rnpepl1
-0.28	8.548	-2.906	0.023	0.236	-3.823	10348682	Capn10
0.084	7.03	0.719	0.496	0.806	-6.647	10348697	Aqp12
0.031	11.721	0.458	0.661	0.886	-6.813	10348702	Agxt
-0.08	6.55	-0.835	0.432	0.768	-6.554	10348713	E030010N08Rik
-0.051	7.932	-0.595	0.571	0.846	-6.734	10348739	Sned1
-0.033	9.994	-0.286	0.783	0.936	-6.884	10348775	Ppp1r7
-0.302	5.256	-1.836	0.11	0.455	-5.378	10348789	Gm26446
0.059	6.353	0.502	0.632	0.875	-6.79	10348791	Ano7
-0.01	10.996	-0.135	0.896	0.972	-6.92	10348817	Sept2
0.047	8.968	0.677	0.52	0.82	-6.679	10348829	Farp2
0.085	8.555	0.728	0.491	0.803	-6.641	10348858	Bok
0.098	8.237	0.75	0.478	0.796	-6.624	10348866	Atg4b
-0.05	8.366	-0.491	0.639	0.877	-6.796	10348879	Ing5
0.035	8.613	0.451	0.666	0.888	-6.817	10348889	D2hgdh
-0.229	5.707	-1.314	0.231	0.608	-6.058	10348896	Gm9994
-0.295	5.903	-1.604	0.154	0.521	-5.693	10348902	Gm9994
0.243	7.048	1.714	0.131	0.488	-5.546	10348906	Gm6086
-0.101	6.21	-1.08	0.317	0.685	-6.32	10348910	Neu4
-0.057	8.118	-0.488	0.641	0.878	-6.797	10348917	Fam174a
0.176	13.657	2.289	0.057	0.346	-4.729	10348924	Rpl18a
-0.094	3.028	-0.964	0.368	0.725	-6.436	10348927	Gm26245
-0.083	11.213	-0.868	0.415	0.757	-6.525	10348929	Hnrnpf
-0.337	8.889	-2.703	0.031	0.267	-4.12	10348932	Gin1
0.003	2.927	0.038	0.97	0.991	-6.93	10348943	Gm24465
0.23	5.828	1.822	0.112	0.459	-5.397	10348945	Gm7952
-0.167	3.677	-1.923	0.097	0.433	-5.256	10348947	Slco6d1
-0.04	4.852	-0.371	0.722	0.91	-6.853	10348963	Cntnap5b
0.08	5.757	0.684	0.516	0.818	-6.674	10348999	Cdh20
-0.037	11.2	-0.447	0.669	0.89	-6.819	10349014	Capza1
-0.157	9.063	-1.5	0.178	0.551	-5.828	10349016	2310035C23Rik
0.28	12.375	1.792	0.117	0.464	-5.439	10349049	Zfp706
-0.035	7.25	-0.402	0.7	0.902	-6.84	10349051	Tnfrsf11a
0.003	10.207	0.032	0.975	0.992	-6.93	10349065	Zcchc2
0.079	8.775	1.101	0.308	0.678	-6.298	10349081	Phlpp1
-0.008	5.44	-0.058	0.955	0.988	-6.929	10349102	D630008O14Rik
-0.086	4.806	-0.854	0.422	0.762	-6.538	10349108	Serpinb5
-0.087	3.994	-0.902	0.398	0.746	-6.495	10349118	Serpinb12
0.238	4.842	1.434	0.195	0.568	-5.911	10349129	Serpinb13
0.119	4.082	0.941	0.379	0.731	-6.458	10349138	Serpinb11
-0.11	3.601	-1.008	0.348	0.709	-6.393	10349147	Serpinb7
-0.451	5.871	-4.658	0.002	0.075	-1.442	10349157	Serpinb2
0.185	6.336	1.271	0.245	0.622	-6.108	10349166	Serpinb10
0.064	7.354	0.843	0.428	0.765	-6.547	10349174	Serpinb8
-0.089	4.902	-1.245	0.254	0.63	-6.138	10349184	Cdh7
-0.171	5.14	-1.521	0.173	0.545	-5.801	10349208	Cntnap5a
-0.053	3.716	-0.691	0.512	0.815	-6.669	10349233	Gm19965
-0.042	3.449	-0.43	0.68	0.894	-6.827	10349237	Gm24030
-0.084	9.656	-0.988	0.357	0.716	-6.413	10349239	Nifk
-0.127	9.008	-1.631	0.148	0.513	-5.657	10349249	Clasp1
0.055	8.347	0.505	0.629	0.874	-6.788	10349295	Tfcp2l1
0.239	5.861	1.933	0.095	0.43	-5.241	10349314	Gm8321
0.103	8.457	1.252	0.252	0.627	-6.13	10349316	Tmem185b
0.122	6.652	1.017	0.344	0.706	-6.385	10349319	Sctr
-0.239	5.984	-2.395	0.049	0.323	-4.574	10349333	3110009E18Rik
-0.207	7.156	-1.545	0.167	0.537	-5.77	10349340	C1ql2
0.016	6.511	0.103	0.921	0.979	-6.925	10349345	En1
-0.224	7.746	-2.603	0.036	0.285	-4.267	10349348	Ccdc93
0.075	5.182	0.853	0.422	0.762	-6.538	10349376	Gm24547
0.004	6.343	0.05	0.962	0.989	-6.929	10349378	LOC102638986
-0.062	10.725	-0.47	0.653	0.883	-6.807	10349383	Slc35f5
0.038	8.288	0.481	0.646	0.88	-6.801	10349401	Gpr39
-0.285	8.807	-3.527	0.01	0.157	-2.933	10349404	Mgat5
-0.26	6.738	-2.101	0.075	0.392	-5.002	10349427	Gm23370
-0.262	6.283	-3.198	0.016	0.195	-3.399	10349429	Gm23734
0.164	9.198	1.422	0.199	0.573	-5.926	10349431	Acmsd
-0.096	9.442	-1.103	0.307	0.677	-6.296	10349442	Ccnt2
-0.195	8.413	-2.445	0.045	0.313	-4.499	10349453	Rab3gap1
0.218	12.842	2.812	0.027	0.248	-3.961	10349478	Rpl28
0.07	9.743	0.877	0.41	0.754	-6.517	10349480	R3hdm1
-0.25	5.899	-1.494	0.18	0.553	-5.835	10349510	Mir128-1
-0.169	11.045	-1.708	0.132	0.49	-5.553	10349512	Ubxn4
-0.007	5.285	-0.08	0.939	0.983	-6.927	10349527	Gm23902
0.027	6.161	0.173	0.868	0.965	-6.914	10349529	Thsd7b
-0.131	8.575	-1.827	0.111	0.457	-5.39	10349559	Yod1
-0.026	6.667	-0.34	0.744	0.92	-6.866	10349562	AA986860
-0.204	5.998	-1.652	0.143	0.506	-5.628	10349571	Fcamr
-0.053	12.834	-0.571	0.586	0.855	-6.75	10349580	Pigr
-0.208	6.996	-2.44	0.046	0.314	-4.508	10349593	Faim3
0.089	5.016	0.619	0.556	0.839	-6.719	10349603	Il10
0.015	9.179	0.229	0.826	0.952	-6.901	10349610	Eif2d
0.214	6.249	1.525	0.172	0.544	-5.796	10349637	Fam72a
0.081	6.023	0.654	0.535	0.829	-6.695	10349644	Avpr1b
1.223	8.337	14.762	0	0.001	5.751	10349648	Ctse
0.21	7.155	2.515	0.041	0.301	-4.396	10349661	5430435G22Rik
-0.028	5.768	-0.185	0.859	0.962	-6.911	10349671	Slc26a9
-0.004	11.489	-0.041	0.968	0.99	-6.93	10349694	Pm20d1
-0.232	8.438	-2.773	0.028	0.255	-4.018	10349711	Slc41a1
0.287	9.105	3.08	0.018	0.21	-3.57	10349724	Rab29
0.017	10.275	0.219	0.833	0.954	-6.903	10349733	Nucks1
0.022	9.654	0.206	0.843	0.957	-6.906	10349744	Slc45a3
-0.099	10.164	-1.251	0.252	0.628	-6.131	10349752	Elk4
-0.03	4.428	-0.233	0.823	0.95	-6.9	10349761	Lemd1
0.061	5.418	0.56	0.593	0.859	-6.757	10349769	Mir135b
0.011	6.182	0.097	0.926	0.98	-6.925	10349771	Gm7241
-0.045	6.984	-0.474	0.65	0.881	-6.805	10349773	Klhdc8a
0.128	8.455	0.87	0.414	0.757	-6.524	10349782	Nuak2
-0.077	7.727	-0.985	0.358	0.717	-6.416	10349793	Dstyk
0.089	8.759	1.055	0.327	0.693	-6.346	10349809	Rbbp5
-0.013	6.605	-0.124	0.905	0.974	-6.922	10349821	Tmem81
-0.234	6.198	-2.207	0.064	0.365	-4.848	10349826	Gm10538
-0.034	7.327	-0.345	0.74	0.918	-6.863	10349828	Lrrn2
-0.123	6.346	-0.772	0.466	0.789	-6.606	10349832	LOC102636216
-0.163	8.166	-2.33	0.053	0.337	-4.669	10349834	Pik3c2b
-0.097	9.191	-1.057	0.326	0.692	-6.344	10349868	Ppp1r15b
0.25	9.231	2.336	0.053	0.336	-4.66	10349876	Plekha6
0.107	8.701	1.334	0.225	0.601	-6.034	10349904	Golt1a
0.011	7.219	0.123	0.906	0.975	-6.922	10349913	Kiss1
0.148	6.233	1.762	0.122	0.472	-5.48	10349922	Ren1
0.077	12.084	0.738	0.485	0.8	-6.633	10349932	Etnk2
-0.193	3.309	-1.196	0.271	0.647	-6.194	10349943	Gm23939
-0.056	6.724	-0.452	0.665	0.888	-6.816	10349945	Gm10537
0.061	7.355	0.865	0.416	0.758	-6.528	10349947	Fmod
0.143	5.75	0.949	0.375	0.729	-6.45	10349953	Chit1
-3.125	9.25	-25.413	0	0	8.476	10349968	Chil1
-0.08	6.903	-0.733	0.488	0.802	-6.637	10349980	Mybph
-0.155	6.445	-1.641	0.146	0.51	-5.644	10349993	Myog
-0.038	5.173	-0.379	0.716	0.908	-6.85	10349997	4933406M09Rik
-0.022	7.737	-0.218	0.834	0.954	-6.904	10350003	Cyb5r1
0.015	11.047	0.191	0.854	0.961	-6.91	10350015	Adipor1
-0.175	7.44	-1.29	0.239	0.616	-6.086	10350024	Klhl12
0.015	9.338	0.237	0.819	0.949	-6.899	10350039	Rabif
0.364	12.191	5.253	0.001	0.053	-0.736	10350044	Rpl29
-0.337	8.737	-3.047	0.019	0.214	-3.618	10350046	Kdm5b
0.056	6.235	0.558	0.595	0.859	-6.758	10350077	Syt2
-0.031	5.93	-0.348	0.739	0.917	-6.863	10350090	Ube2t
-0.02	6.644	-0.224	0.829	0.953	-6.902	10350099	Gm10535
0.15	7.445	1.904	0.099	0.437	-5.282	10350102	Ptpn7
0.055	11.189	0.638	0.544	0.833	-6.706	10350113	Arl8a
-0.172	7.025	-1.33	0.226	0.603	-6.039	10350123	Lmod1
0.12	6.438	0.955	0.372	0.727	-6.445	10350128	Gm4793
0.146	10.368	1.68	0.138	0.497	-5.592	10350136	Csrp1
-0.011	8.416	-0.123	0.906	0.975	-6.922	10350146	Phlda3
-0.002	6.482	-0.026	0.98	0.994	-6.93	10350149	Tnni1
0.392	7.551	4.963	0.002	0.062	-1.074	10350159	Lad1
-0.155	7.412	-1.99	0.088	0.419	-5.16	10350173	Tnnt2
0.026	8.108	0.301	0.772	0.932	-6.879	10350188	Tmem9
0.073	6.93	0.776	0.464	0.787	-6.603	10350197	Ascl5
-0.404	6.383	-4.415	0.003	0.088	-1.746	10350199	Cacna1s
-0.075	7.226	-0.794	0.454	0.782	-6.588	10350247	Kif21b
0.129	7.869	1.465	0.187	0.561	-5.872	10350286	Ddx59
0.291	5.431	3.07	0.019	0.211	-3.584	10350297	Kif14
-0.179	4.065	-1.644	0.145	0.509	-5.639	10350329	Kif14
-0.01	10.645	-0.088	0.932	0.982	-6.926	10350331	Zfp281
0.018	10.06	0.25	0.81	0.946	-6.895	10350335	Hmbs
-0.228	5.08	-1.683	0.137	0.497	-5.588	10350337	A130050O07Rik
-0.176	4.098	-2.055	0.08	0.404	-5.068	10350339	Mir181a-1
-0.276	4.951	-2.749	0.029	0.26	-4.052	10350341	Mir181b-1
0.175	5.761	1.963	0.091	0.423	-5.199	10350343	Atp6v1g3
-0.048	9.153	-0.715	0.498	0.807	-6.651	10350349	Dennd1b
-0.084	8.603	-0.757	0.474	0.794	-6.618	10350377	Zbtb41
0.304	5.782	2.56	0.038	0.292	-4.331	10350392	Aspm
-0.005	11.455	-0.053	0.96	0.989	-6.929	10350425	F13b
-0.95	7.218	-7.728	0	0.014	1.689	10350438	Kcnt2
-0.025	5.832	-0.146	0.888	0.97	-6.918	10350473	B3galt2
-0.008	11.009	-0.103	0.921	0.979	-6.925	10350478	Glrx2
-0.067	8.414	-0.627	0.551	0.837	-6.714	10350489	Uchl5
0.147	5.963	1.429	0.197	0.571	-5.918	10350502	Gm5262
-0.194	6.436	-1.523	0.172	0.544	-5.798	10350504	Gm5263
-0.071	5.257	-0.824	0.438	0.772	-6.564	10350506	Brinp3
0.166	6.278	1.311	0.232	0.608	-6.061	10350516	Ptgs2
0.047	4.469	0.364	0.727	0.913	-6.856	10350530	Pdc
-0.079	9.913	-1.083	0.315	0.684	-6.316	10350535	Tpr
0	6.718	-0.005	0.996	0.998	-6.931	10350592	3110040M04Rik
-0.093	10.676	-1.194	0.272	0.648	-6.196	10350594	Ivns1abp
-0.054	8.972	-0.649	0.537	0.83	-6.698	10350614	Trmt1l
0.064	8.471	0.727	0.491	0.804	-6.641	10350630	Fam129a
-0.219	9.722	-3.364	0.012	0.175	-3.163	10350646	Edem3
0.172	6.018	1.977	0.089	0.422	-5.179	10350668	Colgalt2
-0.006	3.822	-0.06	0.954	0.987	-6.928	10350681	Apobec4
0.226	10.722	3.331	0.013	0.18	-3.209	10350684	Arpc5
0.378	7.204	2.535	0.04	0.297	-4.367	10350689	Ncf2
0.149	7.209	1.924	0.097	0.433	-5.254	10350697	Nmnat2
-0.128	4.486	-1.334	0.225	0.601	-6.034	10350710	Shcbp1l
-0.08	3.574	-0.924	0.387	0.738	-6.474	10350723	Shcbp1l
-0.028	6.523	-0.369	0.724	0.912	-6.854	10350725	Rgs8
0.036	9.162	0.498	0.634	0.876	-6.792	10350733	Rgs16
0.321	7.996	2.713	0.031	0.265	-4.105	10350742	Rnasel
0.023	7.242	0.178	0.864	0.964	-6.912	10350749	Gm5531
-0.091	5.796	-0.775	0.464	0.788	-6.604	10350751	Teddm1
0.053	12.734	0.696	0.51	0.813	-6.665	10350753	Glul
-0.213	6.206	-1.956	0.092	0.425	-5.209	10350760	Zfp648
0.146	8.333	1.547	0.167	0.537	-5.767	10350766	Stx6
-0.011	7.823	-0.103	0.921	0.979	-6.924	10350777	Acbd6
0.015	7.634	0.128	0.902	0.974	-6.921	10350790	Tor1aip2
0.062	9.988	0.589	0.575	0.848	-6.739	10350792	Tor1aip2
-0.111	10.618	-1.737	0.127	0.48	-5.514	10350800	Tor1aip2
0.125	5.426	1.104	0.307	0.677	-6.294	10350806	Nphs2
-0.046	12.064	-0.477	0.648	0.881	-6.804	10350816	Rpl35
0.022	11.399	0.233	0.823	0.95	-6.9	10350819	Csnk2a1
-0.038	7.3	-0.497	0.635	0.876	-6.793	10350823	Abl2
0.052	8.089	0.574	0.584	0.853	-6.748	10350838	2810417H13Rik
-0.186	5.609	-1.689	0.136	0.495	-5.58	10350840	Angptl1
-0.075	4.377	-0.528	0.614	0.868	-6.776	10350846	Gm10531
-0.055	7.595	-0.63	0.549	0.836	-6.712	10350848	2810025M15Rik
0.214	9.344	2.508	0.041	0.302	-4.407	10350853	BC026585
0.04	10.267	0.477	0.648	0.881	-6.803	10350864	Sec16b
-0.006	6.34	-0.055	0.958	0.988	-6.929	10350896	Astn1
0.056	3.6	0.802	0.449	0.779	-6.581	10350921	Mir488
-0.071	9.197	-0.915	0.391	0.741	-6.482	10350923	Rfwd2
0.063	5.664	0.339	0.744	0.92	-6.866	10350951	Tnr
-0.208	6.088	-1.524	0.172	0.544	-5.797	10350975	Gm10530
0.284	8.651	3.939	0.006	0.12	-2.368	10350977	4930523C07Rik
-0.022	8.46	-0.204	0.844	0.957	-6.907	10350985	Mrps14
-0.233	9.911	-3.244	0.015	0.189	-3.333	10350990	Rpl23a
-0.041	10.2	-0.539	0.607	0.864	-6.769	10350992	Rc3h1
0.011	8.707	0.092	0.929	0.981	-6.926	10351013	Rc3h1
-0.015	13.291	-0.213	0.838	0.956	-6.905	10351015	Serpinc1
-0.43	9.594	-4.106	0.005	0.108	-2.147	10351026	Gas5
-0.404	7.183	-1.742	0.126	0.478	-5.507	10351035	Gas5
-0.101	8.738	-0.777	0.463	0.787	-6.602	10351037	Gas5
-0.2	4.973	-0.675	0.522	0.821	-6.68	10351039	Gas5
0.14	7.641	0.607	0.563	0.843	-6.727	10351041	Gm24489
-0.187	9.41	-1.687	0.136	0.495	-5.582	10351043	Snord47
-0.371	5.603	-1.361	0.217	0.593	-6.002	10351045	Gm25789
0.035	6.807	0.216	0.835	0.955	-6.904	10351047	Cenpl
0.332	5.418	2.313	0.055	0.34	-4.694	10351056	Ankrd45
-0.171	4.54	-0.919	0.389	0.739	-6.478	10351095	Tnfsf4
0.268	5.036	2.997	0.021	0.222	-3.69	10351099	Tnfsf18
0.087	6.926	0.711	0.501	0.809	-6.654	10351107	Pigc
-0.178	5.965	-1.494	0.18	0.553	-5.835	10351111	Dnm3os
0.013	5.511	0.167	0.872	0.965	-6.915	10351117	Gm10176
-0.207	8.678	-2.572	0.038	0.29	-4.313	10351119	Vamp4
-0.054	5.134	-0.4	0.701	0.902	-6.841	10351131	Myoc
0.075	6.876	0.831	0.434	0.77	-6.557	10351140	Kifap3
0.028	9.586	0.402	0.7	0.902	-6.84	10351163	Scyl3
0.023	6.779	0.293	0.778	0.934	-6.882	10351179	Mettl18
0.172	6.371	1.824	0.112	0.458	-5.394	10351182	Sele
-0.021	8.511	-0.236	0.82	0.949	-6.899	10351197	Sell
0.007	7.952	0.085	0.934	0.982	-6.926	10351206	Selp
-0.093	11.777	-1.387	0.209	0.584	-5.97	10351224	F5
0.048	11.312	0.681	0.518	0.819	-6.676	10351259	Slc19a2
0.192	7.118	2.13	0.071	0.385	-4.96	10351269	Ccdc181
-0.12	8.07	-0.937	0.381	0.733	-6.462	10351277	Nme7
-0.08	7.991	-0.976	0.362	0.721	-6.425	10351293	Dpt
-0.135	6.257	-1.081	0.316	0.685	-6.319	10351298	Gpr161
-0.017	10.588	-0.152	0.884	0.968	-6.917	10351304	Mpc2
0.003	5.22	0.029	0.978	0.993	-6.93	10351310	Adcy10
0.253	13.026	3.887	0.006	0.123	-2.438	10351347	Creg1
-0.029	6.517	-0.331	0.75	0.922	-6.869	10351353	Cd247
-0.1	6.191	-1.386	0.209	0.584	-5.97	10351368	Gpa33
-0.386	9.793	-5.429	0.001	0.047	-0.537	10351380	Ildr2
-0.047	9.38	-0.695	0.51	0.813	-6.665	10351390	Tada1
0.274	6.2	2.702	0.031	0.267	-4.121	10351400	Fam78b
0.014	10.677	0.193	0.852	0.96	-6.909	10351404	Tmco1
-0.005	12.263	-0.071	0.945	0.985	-6.928	10351414	Aldh9a1
0.169	8.767	1.923	0.097	0.433	-5.255	10351430	Rxrg
-0.128	6.417	-1.28	0.242	0.619	-6.098	10351443	Lmx1a
0.075	9.212	0.826	0.437	0.771	-6.562	10351455	Rgs5
-0.011	7.618	-0.108	0.917	0.978	-6.924	10351463	Rgs5
0.063	5.915	0.67	0.525	0.823	-6.684	10351465	1700084C01Rik
0.062	6.488	0.629	0.55	0.836	-6.712	10351471	4930500M09Rik
0.251	4.735	2.283	0.057	0.347	-4.737	10351473	Sh2d1b2
1.386	6.279	8.818	0	0.009	2.542	10351477	Sh2d1b1
-0.195	5.912	-2.852	0.025	0.243	-3.902	10351482	1700015E13Rik
-0.106	5.924	-1.333	0.225	0.602	-6.034	10351487	Nos1ap
0.039	6.838	0.379	0.716	0.908	-6.85	10351491	Olfml2b
0.065	7.019	0.47	0.653	0.883	-6.807	10351500	Gm9929
-0.24	6.619	-1.912	0.098	0.436	-5.272	10351502	Gm26620
-0.231	10.389	-2.526	0.04	0.299	-4.38	10351504	LOC101056102
-0.04	5.65	-0.237	0.819	0.949	-6.899	10351507	LOC102638466
0.098	10.089	1.261	0.249	0.625	-6.12	10351509	Fcgr4
-0.195	8.544	-2.203	0.064	0.366	-4.854	10351515	Rnu1b1
-0.004	7.189	-0.035	0.973	0.992	-6.93	10351517	1700009P17Rik
-0.258	6.844	-3.106	0.018	0.207	-3.531	10351525	Mpz
0.227	10.615	2.007	0.086	0.415	-5.137	10351533	Nr1i3
0.099	14.457	1.55	0.166	0.536	-5.763	10351546	Apoa2
-0.007	7.037	-0.079	0.939	0.983	-6.927	10351551	Adamts4
-0.056	8.395	-0.664	0.528	0.825	-6.688	10351563	B4galt3
-0.03	10.076	-0.419	0.688	0.897	-6.832	10351574	Dedd
0.012	10.333	0.167	0.872	0.965	-6.915	10351583	Pfdn2
0.134	6.7	0.835	0.432	0.768	-6.554	10351588	Pvrl4
-0.017	7.849	-0.163	0.875	0.966	-6.915	10351603	Arhgap30
0.059	7.268	0.709	0.502	0.81	-6.655	10351616	Usf1
-0.033	10.655	-0.363	0.727	0.913	-6.856	10351623	F11r
0.064	7.799	0.706	0.504	0.811	-6.658	10351636	Alyref2
0.096	6.16	0.814	0.443	0.775	-6.572	10351640	Gm9765
0.016	6.533	0.206	0.843	0.957	-6.906	10351644	Cd244
0.143	8.043	1.605	0.154	0.521	-5.692	10351658	Cd48
-0.071	10.313	-0.782	0.46	0.786	-6.598	10351665	Tma7-ps
0.267	5.402	1.796	0.117	0.463	-5.434	10351667	Slamf1
0.215	8.593	2.665	0.033	0.274	-4.176	10351679	Cd84
-0.008	7.24	-0.1	0.923	0.979	-6.925	10351689	Gm10521
0.672	7.671	4.725	0.002	0.072	-1.36	10351691	Slamf6
-0.128	12.609	-1.714	0.131	0.488	-5.545	10351703	Copa
0.301	11.108	3.403	0.012	0.17	-3.107	10351738	Pex19
0.026	10.642	0.302	0.772	0.931	-6.879	10351749	Dcaf8
-0.035	7.703	-0.455	0.663	0.886	-6.815	10351769	Igsf8
0.528	7.421	5.202	0.001	0.056	-0.794	10351781	Kcnj10
-0.224	8.437	-2.48	0.043	0.307	-4.448	10351788	Pigm
0.327	7.713	3.934	0.006	0.12	-2.375	10351792	Slamf9
-0.01	6.84	-0.148	0.887	0.969	-6.918	10351801	Igsf9
0.176	9.447	1.799	0.116	0.463	-5.43	10351825	Tagln2
-0.157	5.941	-2.06	0.079	0.403	-5.062	10351832	Ccdc19
-0.141	6.658	-1.132	0.296	0.668	-6.264	10351843	Vsig8
-0.11	13.126	-1.642	0.146	0.51	-5.643	10351852	Crp
-1.05	6.026	-7.01	0	0.02	1.062	10351857	Olfr16
-0.08	4.988	-0.938	0.38	0.733	-6.461	10351859	Olfr1407-ps1
-0.298	4.17	-2.901	0.023	0.236	-3.83	10351861	Olfr218
0.116	4.843	1.285	0.241	0.617	-6.092	10351863	Olfr1404
-0.156	4.778	-1.438	0.195	0.568	-5.907	10351865	Olfr418-ps1
0.078	8.071	0.841	0.429	0.766	-6.548	10351867	Aim2
-0.001	8.163	-0.007	0.994	0.998	-6.93	10351873	Pyhin1
-0.275	5.6	-2.147	0.07	0.38	-4.935	10351880	Pydc3
0.019	5.966	0.186	0.858	0.962	-6.911	10351884	Olfr433
-0.116	4.73	-1.343	0.222	0.599	-6.023	10351886	Olfr432
-0.092	4.841	-0.763	0.471	0.791	-6.613	10351888	Olfr430
0.183	5.494	1.23	0.259	0.634	-6.156	10351891	Olfr429
-0.046	4.612	-0.494	0.637	0.877	-6.794	10351893	Olfr427
0.008	5.718	0.077	0.941	0.984	-6.927	10351895	Olfr424
-0.059	4.602	-0.564	0.591	0.857	-6.754	10351899	Olfr421-ps1
0.095	5.614	0.724	0.493	0.804	-6.644	10351903	Olfr420
0.181	5.555	1.676	0.139	0.498	-5.597	10351905	Spta1
-0.079	4.536	-0.589	0.575	0.848	-6.738	10351959	Mptx1
0.103	6.424	1.072	0.32	0.687	-6.328	10351961	Olfr417
-0.281	4.822	-1.874	0.104	0.445	-5.324	10351963	Olfr248
-0.061	6.063	-0.643	0.541	0.832	-6.702	10351966	Olfr414
-0.107	5.742	-1.067	0.322	0.689	-6.333	10351968	Olfr220
-0.002	5.394	-0.021	0.984	0.995	-6.93	10351971	Fmn2
0.062	12.406	0.839	0.43	0.767	-6.551	10352000	Kmo
-0.015	5.604	-0.16	0.878	0.967	-6.916	10352020	Wdr64
0.134	6.159	1.597	0.155	0.523	-5.702	10352048	Exo1
-0.234	4.323	-2.22	0.063	0.362	-4.83	10352064	Gm26104
-0.055	7.746	-0.593	0.572	0.847	-6.736	10352066	Sdccag8
-0.145	8.213	-0.956	0.371	0.727	-6.444	10352092	Zbtb18
-0.001	5.598	-0.01	0.992	0.998	-6.93	10352097	1700016C15Rik
-0.156	5.609	-1.313	0.231	0.608	-6.059	10352104	LOC102632386
-0.087	5.857	-0.963	0.368	0.725	-6.437	10352110	Gm16432
-0.038	9.469	-0.447	0.669	0.89	-6.819	10352119	Desi2
-0.096	6.448	-1.06	0.325	0.692	-6.34	10352125	Gm9982
0.215	10.58	1.616	0.151	0.518	-5.677	10352127	Cox20
0.086	3.738	0.706	0.503	0.811	-6.657	10352131	Gm24919
-0.119	7.092	-0.792	0.455	0.783	-6.59	10352133	Efcab2
-0.016	6.871	-0.164	0.875	0.966	-6.915	10352143	Kif26b
-0.12	6.983	-1.026	0.34	0.703	-6.375	10352150	Gm24405
0.084	6.812	0.597	0.57	0.845	-6.733	10352152	Kif26b
0.051	7.648	0.454	0.664	0.887	-6.815	10352166	Cnst
-0.399	6.32	-3.463	0.011	0.164	-3.023	10352178	Sccpdh
-0.041	6.535	-0.442	0.672	0.891	-6.821	10352192	Gm10518
0.036	9.171	0.385	0.712	0.906	-6.847	10352194	Cdc42bpa
0.061	8.738	0.843	0.428	0.765	-6.547	10352234	Itpkb
-0.087	8.654	-1.133	0.295	0.668	-6.264	10352242	Parp1
0.319	6.179	4.205	0.004	0.101	-2.016	10352267	Lin9
-0.068	9.118	-0.602	0.567	0.844	-6.73	10352281	Acbd3
-0.008	7.696	-0.064	0.951	0.986	-6.928	10352292	Gm16067
-0.117	8.291	-1.287	0.24	0.617	-6.089	10352294	Sde2
0.093	4.816	0.605	0.565	0.844	-6.728	10352302	Lefty2
-0.016	7.552	-0.167	0.872	0.965	-6.915	10352306	Pycr2
0.061	6.161	0.663	0.529	0.825	-6.689	10352314	Lefty1
0.234	9.434	2.98	0.021	0.224	-3.715	10352320	Tmem63a
0.818	8.497	6.987	0	0.02	1.041	10352344	9130409I23Rik
0.157	9.824	2.151	0.069	0.379	-4.929	10352348	Cnih4
-0.361	7.678	-4.923	0.002	0.063	-1.121	10352354	A430110L20Rik
0.093	7.917	1.344	0.222	0.598	-6.022	10352356	Haus5
-0.063	6.51	-0.45	0.667	0.889	-6.817	10352358	Cnih3
-0.065	4.377	-0.7	0.507	0.812	-6.662	10352369	Dnah14
0.068	3.804	0.654	0.535	0.829	-6.695	10352377	Dnah14
-0.148	9.002	-1.044	0.332	0.697	-6.356	10352393	Srp9
-0.037	8.902	-0.432	0.679	0.894	-6.826	10352396	Trp53bp2
0.233	7.419	1.715	0.131	0.488	-5.543	10352416	Capn8
0.267	10.834	3.899	0.006	0.123	-2.421	10352439	Susd4
0.373	8.483	4.138	0.005	0.106	-2.105	10352448	Dusp10
0.102	12.678	1.518	0.174	0.546	-5.805	10352457	Rpl21
-0.112	8.787	-1.668	0.14	0.5	-5.607	10352459	Rab3gap2
-0.052	3.617	-0.698	0.508	0.813	-6.663	10352497	Snora36b
-0.254	7.453	-1.462	0.188	0.562	-5.876	10352499	Mir194-1
0.079	4.585	0.637	0.545	0.833	-6.707	10352501	Mir215
-0.037	11.229	-0.498	0.634	0.876	-6.792	10352503	Bpnt1
-0.079	10.259	-1.036	0.335	0.7	-6.364	10352514	Eprs
-0.105	9.128	-1.165	0.283	0.657	-6.228	10352548	Slc30a10
-0.078	7.08	-0.781	0.461	0.786	-6.599	10352554	Gm26169
0.198	11.55	2.554	0.039	0.293	-4.34	10352556	Gm3809
-0.147	5.486	-1.361	0.216	0.592	-6.001	10352558	D1Pas1
-0.128	8.167	-1.428	0.197	0.571	-5.919	10352562	Gpatch2
0.18	7.346	2.5	0.042	0.304	-4.42	10352576	Esrrg
0.023	5.941	0.265	0.799	0.941	-6.891	10352586	Ush2a
0.028	7.847	0.308	0.768	0.929	-6.877	10352661	Ptpn14
0.052	9.041	0.562	0.592	0.858	-6.755	10352690	Angel2
-0.038	6.906	-0.416	0.69	0.898	-6.834	10352703	A230020J21Rik
-0.06	5.085	-0.722	0.494	0.805	-6.645	10352705	Spata45
0.167	6.239	1.422	0.199	0.573	-5.926	10352709	Nsl1
0.018	6.775	0.154	0.882	0.968	-6.917	10352717	Batf3
0.164	7.043	2.006	0.086	0.415	-5.138	10352722	D730003I15Rik
0.181	7.75	1.735	0.127	0.481	-5.517	10352725	Tmem206
-0.072	9.142	-0.787	0.458	0.784	-6.594	10352735	Ints7
-0.392	11.511	-5.574	0.001	0.044	-0.377	10352756	Lpgat1
-0.012	7.002	-0.156	0.881	0.967	-6.917	10352767	Nek2
-0.306	8.846	-3.514	0.01	0.158	-2.951	10352777	Slc30a1
0.02	6.595	0.174	0.867	0.964	-6.913	10352781	Rd3
0.156	7.301	1.605	0.154	0.521	-5.692	10352794	Gm10516
-0.191	6.454	-1.842	0.109	0.453	-5.369	10352798	Kcnh1
0.068	5.277	0.476	0.649	0.881	-6.804	10352813	Gm22265
0.326	10.353	3.983	0.006	0.117	-2.309	10352815	Irf6
-0.337	6.814	-3.141	0.017	0.202	-3.481	10352827	A130010J15Rik
0.016	7.984	0.19	0.855	0.961	-6.91	10352829	A130010J15Rik
0.305	7.315	2.741	0.029	0.261	-4.064	10352838	Lamb3
0.015	9.435	0.19	0.855	0.961	-6.91	10352867	Plxna2
0.124	7.729	1.016	0.344	0.706	-6.385	10352905	Cd34
-0.226	7.549	-1.641	0.146	0.51	-5.644	10352914	A330023F24Rik
-0.438	5.872	-3.19	0.016	0.196	-3.411	10352916	A330023F24Rik
-0.182	6.332	-1.181	0.277	0.652	-6.21	10352918	A330023F24Rik
0.105	6.688	0.951	0.374	0.728	-6.449	10352920	Xkr4
-0.048	4.625	-0.363	0.728	0.913	-6.856	10352928	Rp1
0.035	6.809	0.177	0.865	0.964	-6.913	10352936	Sox17
-0.192	10.436	-1.524	0.172	0.544	-5.797	10352945	Gm6085
-0.053	9.996	-0.511	0.625	0.872	-6.785	10352947	Mrpl15
0.046	7.623	0.552	0.599	0.861	-6.761	10352954	Hmgb3
-0.042	5.572	-0.517	0.621	0.871	-6.782	10352957	Rgs20
0.061	6.406	0.604	0.565	0.844	-6.729	10352969	Npbwr1
-0.059	7.887	-0.713	0.499	0.808	-6.652	10352971	4732440D04Rik
0.075	6.065	0.963	0.368	0.725	-6.437	10352980	Sntg1
-0.229	8.981	-2.619	0.035	0.282	-4.243	10353002	Gm23358
0.371	9.51	3.28	0.014	0.185	-3.282	10353004	Cks2
0.017	6.351	0.145	0.889	0.97	-6.919	10353008	Gm6152
0.059	7.491	0.4	0.702	0.902	-6.841	10353010	Mybl1
-0.197	9.676	-2.672	0.033	0.272	-4.165	10353028	Vcpip1
0.017	7.544	0.178	0.864	0.964	-6.913	10353032	Gm6195
-0.403	6.301	-3.326	0.013	0.181	-3.216	10353034	Snord87
-0.11	6.802	-0.968	0.366	0.723	-6.432	10353036	Tcf24
-0.091	4.062	-0.84	0.429	0.766	-6.549	10353038	Ppp1r42
-0.149	5.564	-1.318	0.23	0.607	-6.052	10353048	Gm24674
0.016	9.229	0.168	0.871	0.965	-6.914	10353050	Cops5
-0.178	10.421	-2.705	0.031	0.267	-4.118	10353064	Arfgef1
-0.128	4.336	-1.549	0.166	0.536	-5.765	10353102	Cpa6
-0.156	5.433	-1.76	0.123	0.473	-5.482	10353115	Gm25253
0.004	5.79	0.021	0.984	0.995	-6.93	10353117	Slco5a1
0.165	5.775	1.467	0.187	0.56	-5.869	10353127	Prdm14
0.027	9.455	0.383	0.714	0.907	-6.848	10353135	Ncoa2
-0.107	12.666	-1.32	0.229	0.606	-6.05	10353167	Tram1
0.124	12.18	1.834	0.11	0.455	-5.381	10353181	Lactb2
0.07	14.131	1.086	0.314	0.682	-6.313	10353189	Gapdh
1.368	6.427	10.487	0	0.005	3.655	10353192	Eya1
-0.07	6.81	-0.558	0.595	0.859	-6.758	10353213	Msc
0.112	12.447	1.441	0.194	0.567	-5.903	10353219	Sumo2
-0.042	5.006	-0.553	0.598	0.861	-6.761	10353221	Trpa1
0.076	14.51	1.16	0.285	0.659	-6.233	10353250	Gapdh
-0.201	5.4	-1.747	0.125	0.476	-5.5	10353252	Sbspon
0.096	5.902	0.841	0.429	0.766	-6.549	10353258	4930444P10Rik
-0.278	10.777	-3.815	0.007	0.13	-2.536	10353265	Rpl7
0.217	8.268	2.321	0.054	0.338	-4.681	10353272	Stau2
-0.004	8.617	-0.049	0.963	0.989	-6.929	10353288	Ube2w
-0.019	10.658	-0.286	0.783	0.936	-6.884	10353296	Tceb1
0.09	8.066	0.839	0.43	0.766	-6.55	10353305	Gm5828
-0.083	6.656	-0.913	0.392	0.742	-6.485	10353307	Gm16088
-0.077	6.594	-0.808	0.446	0.777	-6.577	10353309	Jph1
0.077	7.162	0.574	0.584	0.853	-6.748	10353311	Jph1
-0.074	4.016	-0.83	0.434	0.77	-6.558	10353320	Crisp4
0.06	3.698	0.465	0.656	0.884	-6.809	10353330	Defb44-ps
-0.031	4.27	-0.295	0.777	0.933	-6.882	10353333	Defb18
-0.044	3.805	-0.503	0.631	0.874	-6.79	10353336	Gm15386
-0.024	11.434	-0.295	0.777	0.933	-6.881	10353341	Hmgb1
-0.073	7.575	-0.959	0.37	0.726	-6.441	10353346	Pkhd1
-0.101	3.12	-1.098	0.309	0.678	-6.3	10353413	Gm24162
0.133	6.478	1.254	0.251	0.627	-6.128	10353415	Il17f
0.344	7.091	4.951	0.002	0.063	-1.088	10353420	Mcm3
0.313	9.499	4.651	0.002	0.075	-1.451	10353438	Tram2
0.599	7.299	3.705	0.008	0.141	-2.686	10353450	Gm4956
-0.267	6.178	-3.071	0.019	0.211	-3.582	10353460	Kcnq5
-0.071	9.168	-0.713	0.5	0.808	-6.653	10353475	Eif3m
-0.162	5.918	-1.483	0.183	0.556	-5.849	10353479	Rims1
-0.109	6.123	-0.894	0.402	0.748	-6.502	10353519	4933415F23Rik
0.068	8.149	0.61	0.562	0.842	-6.725	10353522	Gm6420
-0.224	8.787	-1.963	0.091	0.423	-5.199	10353524	Ogfrl1
-0.027	10.219	-0.366	0.726	0.913	-6.855	10353533	Smap1
-0.107	7.335	-0.91	0.394	0.743	-6.487	10353545	1110058L19Rik
-0.079	9.055	-0.978	0.361	0.72	-6.423	10353549	Fam135a
0.051	6.199	0.644	0.54	0.832	-6.702	10353574	Col19a1
-0.012	14.118	-0.146	0.888	0.97	-6.918	10353624	ND4L
-0.034	14.106	-0.504	0.63	0.874	-6.789	10353626	ATP8
0.011	14.031	0.165	0.874	0.966	-6.915	10353630	COX2
0.143	4.72	0.904	0.397	0.745	-6.493	10353632	Bai3
-0.1	3.535	-1.251	0.252	0.628	-6.131	10353667	Gm22260
-0.082	5.326	-0.913	0.392	0.742	-6.484	10353669	4931408C20Rik
-0.159	6.457	-1.094	0.311	0.679	-6.305	10353672	n-R5s209
-0.192	5.438	-0.871	0.413	0.756	-6.522	10353674	Lsm5
0.062	4.376	0.633	0.547	0.835	-6.71	10353676	Gm597
0.006	6.324	0.064	0.951	0.987	-6.928	10353679	Gm5697
0.213	3.649	2.063	0.079	0.402	-5.056	10353684	Gm25586
-0.408	6.207	-4.244	0.004	0.099	-1.966	10353686	Gm9898
-0.008	10.27	-0.104	0.92	0.979	-6.924	10353689	Phf3
-0.118	11.837	-1.778	0.12	0.468	-5.458	10353707	Ptp4a1
-0.083	6.498	-0.939	0.379	0.732	-6.46	10353716	Gm5699
0	5.346	-0.004	0.997	0.999	-6.931	10353721	4931428L18Rik
-0.026	3.001	-0.391	0.708	0.905	-6.845	10353727	Gm25814
-0.044	5.811	-0.633	0.547	0.835	-6.71	10353729	Gm5415
-0.055	5.852	-0.728	0.491	0.803	-6.641	10353731	Gm5415
0.258	7.729	2.402	0.048	0.321	-4.562	10353733	Prim2
-0.003	6.968	-0.04	0.969	0.991	-6.93	10353750	Bag2
-0.13	7.896	-1.354	0.219	0.595	-6.01	10353754	Zfp451
-0.23	9.215	-1.894	0.101	0.439	-5.296	10353773	Gm15455
-0.013	5.95	-0.131	0.9	0.973	-6.921	10353775	Bend6
0.223	7.02	2.217	0.063	0.362	-4.834	10353783	Ccdc115
0.253	5.719	2.227	0.062	0.36	-4.82	10353786	Prss40
-0.025	6.063	-0.284	0.785	0.936	-6.885	10353792	1700101I19Rik
0.07	10.242	0.972	0.364	0.722	-6.428	10353794	Fam168b
-0.228	10.7	-2.959	0.022	0.227	-3.745	10353803	Uggt1
0.162	7.805	2.379	0.05	0.326	-4.597	10353844	Neurl3
0.043	9.541	0.549	0.601	0.862	-6.763	10353849	Kansl3
0.125	9.015	1.347	0.221	0.597	-6.018	10353871	Lman2l
-0.649	7.913	-7.867	0	0.013	1.804	10353878	Ankrd23
-0.015	7.34	-0.14	0.893	0.971	-6.919	10353891	Ankrd39
0.001	7.613	0.006	0.995	0.998	-6.93	10353899	Sema4c
0.017	5.851	0.245	0.814	0.947	-6.897	10353915	Fam178b
0.026	6.866	0.28	0.788	0.937	-6.886	10353923	Fam178b
0.091	9.405	1.154	0.287	0.661	-6.241	10353934	Actr1b
0.097	10.473	1.315	0.231	0.607	-6.057	10353947	Tmem131
-0.106	12.882	-1.308	0.233	0.61	-6.065	10353991	Rpl12
-0.036	10.372	-0.495	0.636	0.877	-6.794	10353993	Coa5
-0.059	6.645	-0.352	0.735	0.916	-6.861	10354003	Mgat4a
-0.206	6.715	-2.052	0.08	0.405	-5.073	10354019	2010300C02Rik
-0.074	5.778	-0.935	0.382	0.734	-6.464	10354031	Tsga10
-0.087	8.602	-0.882	0.408	0.752	-6.513	10354054	Mitd1
-0.068	5.53	-0.503	0.631	0.874	-6.79	10354065	Lyg2
-0.069	5.549	-0.769	0.467	0.79	-6.609	10354072	Lyg1
-0.03	10.03	-0.316	0.761	0.927	-6.874	10354079	Txndc9
-0.179	8.431	-2.254	0.06	0.354	-4.78	10354085	Rev1
-0.143	6.539	-1.5	0.178	0.551	-5.828	10354111	Aff3
-0.024	5.593	-0.194	0.852	0.96	-6.909	10354141	Lonrf2
-0.046	6.905	-0.559	0.594	0.859	-6.757	10354157	Chst10
0.169	8.933	2.404	0.048	0.321	-4.56	10354168	Tbc1d8
0.073	10.383	0.979	0.361	0.72	-6.422	10354191	Rnf149
-0.311	7.363	-2.033	0.082	0.409	-5.1	10354203	Gm23722
0.027	6.4	0.225	0.828	0.952	-6.902	10354207	Creg2
0.039	6.527	0.58	0.58	0.851	-6.744	10354216	Rfx8
0.001	7.484	0.017	0.987	0.996	-6.93	10354220	Mfsd9
-0.219	5.327	-2.205	0.064	0.366	-4.852	10354227	Gm5973
-0.102	4.88	-1	0.351	0.712	-6.401	10354229	Pantr1
0.099	9.927	0.934	0.382	0.734	-6.465	10354233	Tgfbrap1
0.037	6.929	0.479	0.647	0.881	-6.803	10354247	Fhl2
-0.236	9.219	-3.595	0.009	0.15	-2.837	10354258	Uxs1
0.191	4.318	2.044	0.081	0.407	-5.084	10354267	Mettl21c
-0.088	4.789	-0.838	0.43	0.767	-6.551	10354273	LOC102636082
-0.235	6.983	-1.983	0.089	0.421	-5.171	10354275	Tex30
-0.25	7.434	-2.93	0.023	0.232	-3.787	10354286	Kdelc1
-0.281	4.669	-2.614	0.035	0.283	-4.251	10354299	Mettl21e
0.159	6.979	2.321	0.054	0.338	-4.682	10354309	Col5a2
0.002	3.294	0.014	0.989	0.997	-6.93	10354370	Gm23216
0.098	11.735	1.411	0.202	0.576	-5.94	10354372	Myl6
0.134	11.372	1.896	0.101	0.439	-5.294	10354374	Slc40a1
-0.018	4.502	-0.108	0.917	0.978	-6.924	10354384	Gm4776
0.159	7.75	1.391	0.208	0.583	-5.964	10354389	Slc39a10
0.01	12.071	0.164	0.874	0.966	-6.915	10354404	Dnajb6
-0.109	3.604	-1.184	0.276	0.651	-6.207	10354406	Gm23240
-0.204	9.351	-2.376	0.05	0.327	-4.601	10354418	Nabp1
-0.042	11.288	-0.593	0.572	0.847	-6.736	10354432	Myo1b
-0.249	11.96	-2.888	0.024	0.238	-3.849	10354470	Rpl15
-0.261	7.444	-1.94	0.094	0.429	-5.232	10354472	Gls
0.105	3.286	1.189	0.274	0.649	-6.202	10354492	Gm23460
0.074	10.65	0.715	0.498	0.807	-6.651	10354494	Nab1
0.049	6.458	0.267	0.797	0.94	-6.89	10354504	Gm5976
0.022	8.396	0.267	0.797	0.94	-6.89	10354506	Mfsd6
-0.069	7.937	-0.654	0.534	0.828	-6.695	10354521	Inpp1
-0.175	4.955	-0.941	0.379	0.731	-6.458	10354529	1700019D03Rik
0.041	4.351	0.52	0.62	0.87	-6.78	10354534	1700019A02Rik
-0.098	8.045	-1.314	0.231	0.608	-6.057	10354542	Pms1
-0.052	10.786	-0.43	0.68	0.894	-6.827	10354555	Asnsd1
-0.029	4.781	-0.224	0.829	0.953	-6.902	10354563	Dnah7a
-0.099	6.01	-0.6	0.568	0.844	-6.731	10354576	Dnah7a
-0.287	5.285	-1.288	0.239	0.616	-6.088	10354581	Dnah7a
0.066	9.03	0.997	0.353	0.713	-6.404	10354588	Stk17b
-0.017	7.765	-0.245	0.814	0.947	-6.897	10354598	Hecw2
-0.161	8.44	-1.244	0.254	0.63	-6.14	10354630	Gtf3c3
-0.155	6.141	-1.247	0.253	0.629	-6.136	10354644	LOC102637189
-0.185	5.839	-1.381	0.211	0.586	-5.977	10354647	Pgap1
0.105	10.417	1.195	0.272	0.648	-6.194	10354649	Pgap1
-0.006	7.527	-0.072	0.944	0.985	-6.928	10354677	Ankrd44
-0.133	10.651	-1.854	0.107	0.45	-5.352	10354704	Sf3b1
0.036	7.973	0.346	0.74	0.918	-6.863	10354730	E330011M16Rik
0.045	12.482	0.476	0.649	0.881	-6.804	10354732	Hspd1
-0.098	9.913	-0.508	0.627	0.873	-6.787	10354739	Atp5l
-0.037	6.506	-0.344	0.741	0.918	-6.864	10354741	Rftn2
-0.008	4.065	-0.077	0.941	0.983	-6.927	10354753	Boll
-0.183	4.071	-1.066	0.323	0.689	-6.335	10354765	LOC101055993
0.286	9.558	3.268	0.014	0.186	-3.299	10354768	Akr1b3
0.144	4.116	1.279	0.243	0.619	-6.099	10354773	Hsfy2
0.009	6.829	0.132	0.898	0.973	-6.921	10354777	Satb2
0.406	7.781	3.373	0.012	0.174	-3.149	10354792	Tyw5
-0.116	6.694	-1.512	0.175	0.548	-5.813	10354807	Kctd18
0.016	9.996	0.192	0.854	0.961	-6.91	10354816	Clk1
-0.115	8.581	-1.337	0.224	0.601	-6.031	10354832	Ppil3
0.126	7.821	1.454	0.19	0.563	-5.886	10354845	Orc2
-0.047	9.605	-0.469	0.654	0.883	-6.808	10354868	Fam126b
-0.174	5.755	-1.756	0.123	0.474	-5.488	10354883	Als2cr12
-0.124	9.521	-1.728	0.129	0.483	-5.527	10354897	Trak2
-0.212	5.663	-2.281	0.057	0.348	-4.741	10354916	LOC102636554
-0.211	4.504	-1.336	0.224	0.601	-6.031	10354919	LOC102636554
0.022	4.182	0.223	0.83	0.953	-6.902	10354921	Als2cr11
-0.082	6.873	-1.135	0.295	0.667	-6.262	10354938	Tmem237
-0.013	6.158	-0.115	0.912	0.977	-6.923	10354955	Mpp4
-0.141	10.559	-1.645	0.145	0.509	-5.639	10354979	Als2
-0.073	9.561	-0.439	0.674	0.892	-6.823	10355017	Sumo1
-0.019	5.174	-0.162	0.876	0.966	-6.916	10355024	Ica1l
-0.191	7.366	-1.888	0.102	0.441	-5.305	10355037	Wdr12
-0.545	10.978	-6.571	0	0.025	0.65	10355050	Raph1
-0.182	9.579	-2.617	0.035	0.282	-4.247	10355069	Ino80d
-0.012	10.296	-0.114	0.913	0.977	-6.923	10355084	Ndufs1
-0.051	6.027	-0.522	0.618	0.869	-6.779	10355109	Gpr1
0.131	4.449	1.864	0.105	0.448	-5.339	10355113	Gm23448
0	11.963	0.006	0.996	0.998	-6.931	10355115	Prelid1
0.036	6.535	0.243	0.815	0.947	-6.897	10355117	Dytn
-0.104	4.502	-1.242	0.255	0.631	-6.142	10355121	Mdh1b
-0.138	5.579	-1.352	0.219	0.596	-6.012	10355134	4933402D24Rik
0.076	5.826	0.537	0.608	0.864	-6.77	10355138	Gm13751
0.097	8.744	1.352	0.219	0.596	-6.012	10355141	Klf7
-0.061	7.449	-0.788	0.457	0.784	-6.594	10355147	Mettl21a
0.243	7.328	2.655	0.033	0.276	-4.191	10355152	Fzd5
-0.192	6.913	-2.542	0.039	0.295	-4.356	10355162	Plekhm3
0.118	12.688	1.545	0.167	0.537	-5.77	10355173	Rpl10a
-0.088	4.907	-1.043	0.332	0.697	-6.358	10355176	Akr1cl
-0.102	6.294	-1.298	0.236	0.613	-6.076	10355188	Cryge
0.252	4.313	3.5	0.01	0.159	-2.97	10355191	Crygd
0.102	5.712	1.044	0.332	0.697	-6.356	10355193	Crygc
0.288	4.96	2.799	0.027	0.25	-3.978	10355199	Crygb
0.011	6.289	0.086	0.934	0.982	-6.926	10355202	Cryga
0.082	5.764	0.899	0.399	0.747	-6.498	10355205	D630023F18Rik
-0.007	12.687	-0.074	0.943	0.984	-6.927	10355214	Idh1
0.016	3.567	0.204	0.844	0.957	-6.907	10355225	Gm10558
-0.027	7.938	-0.254	0.807	0.944	-6.894	10355227	Kansl1l
0.041	11.145	0.643	0.541	0.832	-6.703	10355246	Acadl
-1.602	7.871	-10.315	0	0.005	3.55	10355259	Myl1
0.065	6.77	0.869	0.414	0.757	-6.524	10355264	Rpl31-ps14
0.07	9.868	0.917	0.39	0.74	-6.48	10355266	Lancl1
0.514	7.588	6.083	0.001	0.033	0.165	10355278	Erbb4
-0.382	6.944	-2.774	0.028	0.255	-4.015	10355310	Gm8840
-0.037	6.521	-0.364	0.727	0.913	-6.856	10355312	Ikzf2
